"ISO","ID","HORI","TOP","BOT","SAMPLENO","SIO2","AL2O3","FE2O3","CAO","MGO","K2O","NA2O","TIO2","MNO2","P2O5","IGN","TOTAL","RATIOSIAL","RATIOSIFE","RATIOSIR","RATIOALFE","SOELREM","EDITDATE","VERIFIED"
"FR",4,3,28,46,"660062",49.9,20.2,7.9,0.1,9.5,4.8,,0.7,0.1,0.2,7.2,,,,,,"","19.06.2003","OSP"
"FR",4,4,46,85,"660063",49.2,20,8,0.1,9.8,4.9,,0.7,0,0.2,7.4,,,,,,"","19.06.2003","OSP"
"FR",4,5,85,103,"660064",48.4,19.3,9.2,0.2,10.7,4.5,,0.6,0,0.2,7.8,,,,,,"","19.06.2003","OSP"
"FR",6,1,0,10,"660071",,,,,,,,,,,,,,,,,"","19.06.2003","OSP"
"FR",6,2,10,18,"660005",46.1,24.5,13.3,0.3,1.9,2.3,,1,0.2,0.4,9.2,,,,,,"","19.06.2003","OSP"
"FR",6,3,18,26,"660006",46.3,24.9,13.5,0.2,2,2.2,,0.9,0.1,0.3,9.1,,,,,,"","19.06.2003","OSP"
"FR",6,4,26,40,"660007",46.4,24.8,13.1,0.2,2.2,2.5,,0.8,0.1,0.4,8.8,,,,,,"","19.06.2003","OSP"
"FR",6,5,40,66,"660008",47,24.1,12.7,0.1,2.4,2.7,,0.8,0.1,0.5,8.9,,,,,,"","19.06.2003","OSP"
"FR",8,1,0,13,"660018",48.4,22.1,11.5,0.1,1.9,3.4,,0.8,0.1,0.4,11.3,,,,,,"","20.06.2003","OSP"
"FR",8,2,13,25,"660019",48.4,22.4,11.4,0.1,2,3.2,,0.8,0.1,0.3,11.4,,,,,,"","20.06.2003","OSP"
"FR",8,3,25,40,"660020",49.6,22.8,12.1,0.1,2,3.3,,0.9,0.1,0.3,10.5,,,,,,"","20.06.2003","OSP"
"FR",8,4,40,57,"660021",49.1,22.1,12.6,0.1,2.1,3.3,,0.9,0.1,0.3,10.4,,,,,,"","20.06.2003","OSP"
"FR",8,5,55,75,"660022",49.3,22.9,12.8,0.1,2.3,3.4,,1,0.1,0.3,10.7,,,,,,"","20.06.2003","OSP"
"FR",8,6,55,75,"660023",48.5,22.2,12.2,0.1,2.1,3.1,,0.8,0.1,0.3,10.4,,,,,,"","20.06.2003","OSP"
"FR",8,7,57,75,"660024",44.7,22.3,12.1,0.1,2.4,3.1,,0.8,0.1,0.3,10.4,,,,,,"","20.06.2003","OSP"
"FR",8,8,77,96,"660025",49.1,21.6,11.8,0.6,2.6,3.1,,0.9,0.1,0.4,10.5,,,,,,"","20.06.2003","OSP"
"FR",9,9,96,138,"660026",50.2,21.4,11.5,0.3,3.5,3.1,,0.9,0.1,0.3,10.5,,,,,,"","20.06.2003","OSP"
"FR",11,1,0,5,"660043",,,,,,,,,,,,,,,,,"Organic layer, no clay","20.06.2003","OSP"
"FR",11,2,5,12,"660044",48.9,25.4,6.5,0.4,1.2,2.1,,1.3,0,1,11.7,,3.3,20,2.8,6.1,"","20.06.2003","OSP"
"FR",11,3,12,26,"660045",48.5,27.3,4.6,0,1.2,2.4,,1.4,0,0.7,12,,3,28,2.7,9.3,"","20.06.2003","OSP"
"FR",11,4,29,40,"660046",49.2,27.3,5.2,0,1.5,2.5,,1.2,0,0.4,10.1,,3.1,25.1,2.7,8.2,"","20.06.2003","OSP"
"FR",11,5,42,77,"660047",47.3,25.1,12.6,0,1.8,2.3,,1,0,0.2,9,,3.2,10,2.4,3.1,"","20.06.2003","OSP"
"IT",17,1,0,35,"",57,18.4,7.1,0.4,2.3,2.5,0.4,0.6,0.1,,11.4,100,5.2,21.5,4.2,4.1,"data from Spaargaren (1979), profile Sp/166","25.06.1996","OSP"
"IN",1,1,0,17,"770001",46.8,22.4,11.5,0.33,3.75,4.19,,0.9,0.17,0.35,7.8,100.8,3.5,10.8,2.7,3,"","27.02.1995","OSP"
"IN",1,2,17,48,"770002",46.7,23,11.7,0.23,3.46,3.9,,0.86,0.15,0.28,7.9,101.1,3.4,10.6,2.6,3.1,"","27.02.1995","OSP"
"IN",1,3,48,68,"770003",45.8,22.6,11.8,2.23,0.55,3.71,,0.87,0.16,0.28,8,100.3,3.4,10.3,2.6,3,"","27.02.1995","OSP"
"IN",1,4,68,93,"770004",45.7,22.1,11.7,0.22,3.57,3.6,,0.89,0.17,0.33,7.9,99.6,3.5,10.4,2.6,3,"","27.02.1995","OSP"
"IN",1,5,93,116,"770005",,,,,,,,,,,,,,,,,"","27.02.1995","OSP"
"IN",6,1,0,8,"770023",41,29.2,13.1,0.04,1.13,1.15,,1,0.09,0.26,11.5,100.6,2.3,8.6,1.8,3.8,"","05.03.1995","OSP"
"IN",6,2,8,38,"770024",40.6,30.2,12.5,0.03,1.01,1.03,,0.91,0.08,0.14,11.7,100.1,2.3,8.6,1.8,3.8,"","05.03.1995","OSP"
"IN",6,3,38,64,"770025",40.5,29.8,11.9,0.08,1.03,1,,0.88,0.1,0.11,11.6,98.9,2.3,9.1,1.8,3.9,"","05.03.1995","OSP"
"IN",6,4,64,91,"770026",41.7,30.3,11.6,0.07,0.99,0.96,,0.87,0.09,0.08,11.5,100.1,2.3,9.5,1.9,4.1,"","05.03.1995","OSP"
"IN",6,5,91,150,"770027",42.2,29.5,11.1,0.05,1.05,0.95,,0.85,0.08,0.09,11.3,99.2,2.4,10.1,2,4.2,"","05.03.1995","OSP"
"IN",9,3,36,68,"770038",46.3,32.5,6.9,0.08,0.39,1.05,,0.82,0.05,0.08,11.8,100,2.4,21,2.2,8.8,"","07.03.1995","OSP"
"IN",9,4,68,150,"770039",45.9,32.4,5.8,0.05,0.35,1.04,,0.78,0.03,0.03,12,98.4,2.4,17.8,2.1,7.4,"","07.03.1995","OSP"
"CN",4,6,80,113,"840279",46.3,27.6,10.3,0.05,1.14,2.76,,1.25,0.1,0.11,9.3,98.9,2.9,12,2.3,4.2,"","03.05.1994","OSP"
"CN",4,8,130,150,"840281",46.5,28,10.7,0.04,1.15,2.72,,1.36,0.06,0.1,9.4,100,2.8,11.6,2.3,4.1,"","03.05.1994","OSP"
"KE",17,1,0,10,"800022",51.8,18.2,10.2,0.94,0.49,0.44,,0.77,0.19,0.2,12.8,99.6,4.8,13.5,3.6,2.8,"","24.01.1996","OSP"
"FI",1,3,15,25,"680136",51.1,20,10.9,1.07,4.06,3.98,,1.05,0.08,0.17,5.1,97.6,4.3,12.4,3.2,2.9,"","18.06.2003","OSP"
"FI",1,34,25,42,"680137",51,19.6,11.6,1.22,4.09,4,,1.03,0.09,0.22,5,97.9,4.4,11.6,3.2,2.6,"","18.06.2003","OSP"
"FI",1,45,42,59,"680138",50.9,19.4,11.5,1.35,4.38,3.9,,1.03,0.09,0.25,4.6,97.5,4.4,11.8,3.2,2.6,"","18.06.2003","OSP"
"FI",1,5,59,90,"680139",51.3,19.8,11.4,1.51,4.59,4,,1.06,0.1,0.24,4.5,98.5,4.4,11.9,3.2,2.7,"","18.06.2003","OSP"
"FR",4,1,0,10,"660060",48,20.6,8,0.1,8.6,5,,1,0.1,0.2,7.3,,,,,,"","19.06.2003","OSP"
"FR",4,2,10,28,"660061",49.6,20.5,7.9,0.1,8.8,4.9,,0.9,0.1,0.2,7.5,,,,,,"","19.06.2003","OSP"
"FR",11,6,85,115,"660048",49.4,23.9,10,0,1.9,2.6,,1,0.1,0.2,8.6,,3.5,13.1,2.8,3.7,"","20.06.2003","OSP"
"FR",11,7,115,133,"660049",50.7,24,9.7,0,1.9,2.7,,1.1,0.1,0.2,8.2,,3.6,13.9,2.8,3.9,"","20.06.2003","OSP"
"GR",1,1,0,25,"710046",52.2,22.1,8.2,0.45,2.32,1.88,,0.71,0.09,0.11,7.8,100.5,4.2,4,16.9,3.2,"","23.09.2003","OSP"
"GR",1,2,25,82,"710047",52.2,22.1,8.2,0.44,2.35,1.82,,0.71,0.08,0.09,7.6,100.3,4.2,4,17,3.2,"","23.09.2003","OSP"
"GR",1,3,82,113,"710048",54.1,20.9,7.7,0.34,2.34,1.94,,0.76,0.08,0.1,7.1,100.5,4.3,4.4,18.7,3.6,"","23.09.2003","OSP"
"GR",1,4,113,147,"710049",,,,,,,,,,,,,,,,,"","",""
"GR",1,5,147,160,"710050",,,,,,,,,,,,,,,,,"","",""
"HU",2,1,0,10,"970134",43.4,22.3,9,2.02,2.4,2.89,,0.61,0.22,1,15,98.8,3.3,12.8,2.6,3.9,"","25.09.2003","OSP"
"HU",2,2,10,30,"970135",46.5,24.5,9.9,1.2,2.53,3,,0.63,0.18,1,11.7,101.1,3.2,12.5,2.6,3.9,"","25.09.2003","OSP"
"HU",6,1,0,20,"970152",49.2,19.5,12.3,0.2,2.41,3.56,,0.65,0.28,0.75,8.6,97.5,4.3,10.6,3.1,2.5,"","26.09.2003","OSP"
"HU",6,2,40,65,"970153",48.7,19.5,13.1,0.19,2.67,2.76,,0.52,0.25,0.47,9.9,98.1,4.2,9.9,3,2.3,"","26.09.2003","OSP"
"HU",6,3,65,100,"970154",49,20.5,13.5,0.23,2.78,2.62,,0.43,0.21,0.46,9.7,99.4,4.1,9.7,2.9,2.4,"","26.09.2003","OSP"
"DE",11,1,0,1,"670157",,,,,,,,,,,,,,,,,"Organic layer, no clay","03.02.1997","OSP"
"DE",11,2,1,5,"670156",,,,,,,,,,,,,,,,,"","03.02.1997","OSP"
"DE",11,3,5,14,"670155",46.7,26,7.1,0,0.77,3.86,0.75,0.9,0.03,0.22,10.8,97.1,3,17.5,2.6,5.8,"","04.02.1997","OSP"
"DE",11,4,14,20,"670161",49.3,24.2,10.4,0.26,2.75,6.05,0,1.14,0.14,0.3,6.5,101,3.5,12.7,2.7,3.7,"","04.02.1997","OSP"
"TH",4,2,70,80,"670117",50,29.3,7.2,0.1,1.2,2.9,,0.9,0.1,0.2,8.9,100.8,2.9,18.4,2.5,6.3,"","19.07.1996","OSP"
"TH",4,3,115,125,"670118",49.6,28.8,8.7,0.1,1.2,2.6,,0.9,0.1,0.2,9.1,101.2,2.9,15.2,2.4,5.2,"","19.07.1996","OSP"
"TR",8,1,0,3,"730030",51.4,18.7,8.5,1.7,4.3,3.3,,0.8,0.1,0.3,10.2,99.3,4.7,16,3.6,3.4,"","23.07.1996","OSP"
"TR",8,2,3,33,"730031",49.1,17.3,7.9,4.3,4.6,3,,0.7,0.1,0.3,12.4,99.7,4.8,16.7,3.7,3.5,"","23.07.1996","OSP"
"TR",8,3,33,55,"730032",43.6,15.2,7.2,9.9,4.7,2.2,,0.7,0.1,0.2,16.3,100.1,4.9,16.2,3.8,3.3,"","23.07.1996","OSP"
"TR",8,4,55,83,"730033",42.2,15.4,7.2,11.2,4.4,2.1,,0.6,0.1,0.2,16.4,99.8,4.7,15.5,3.6,3.3,"","23.07.1996","OSP"
"TR",8,5,83,110,"730034",42.7,15.5,7.2,10.9,4.6,2,,0.6,0,0.1,16.4,100,4.7,15.7,3.6,3.4,"","23.07.1996","OSP"
"IE",9,1,0,7,"670084",,,,,,,,,,,,,,,,,"","16.08.1996","OSP"
"IE",9,2,7,40,"670085",51.6,25.3,4.3,0.06,1.65,6.37,0.17,2.12,0,0.27,8.3,100.2,3.5,31.9,3.1,9.2,"","16.08.1996","OSP"
"IE",9,3,40,49,"670086",47.8,25.4,4.9,0.01,2.09,5.46,0.28,1.82,0,0.29,10.4,98.4,3.2,25.8,2.8,8.1,"","16.08.1996","OSP"
"IE",9,4,49,62,"670087",35.9,18.7,26.3,0.04,1.69,3.82,0.28,1.2,0.17,0.82,10.3,99.2,3.3,3.6,1.7,1.1,"","16.08.1996","OSP"
"IE",9,5,62,87,"670088",42.8,21.5,16.5,0.05,2.32,4.71,0.36,0.8,0.32,0.74,9.5,99.5,3.4,6.9,2.3,2,"","16.08.1996","OSP"
"UY",1,1,0,23,"820239",63.3,19.1,5.6,0.11,0.72,1.46,,1.33,0.11,0.2,7.8,99.7,5.6,30.1,4.7,5.3,"","16.10.1996","OSP"
"UY",1,2,23,32,"820240",63.5,19.9,5.1,0.11,0.69,1.64,,1.53,0.06,0.12,7.1,99.7,5.4,33,4.7,6.1,"","16.10.1996","OSP"
"UY",1,3,32,48,"820241",54.3,24,8.2,0.54,0.99,1.22,,1.06,0.05,0.04,9.7,100.1,3.8,17.7,3.2,4.6,"","16.10.1996","OSP"
"UY",1,4,48,78,"820242",55.3,24.2,7.7,0.4,1.16,1.35,,1.03,0.11,0.03,8.8,100.1,3.9,19.2,3.2,4.9,"","16.10.1996","OSP"
"UY",1,5,78,105,"820243",58,21.4,7.6,0.44,1.38,1.67,,1.05,0.11,0.03,7.8,99.4,4.6,20.5,3.8,4.5,"","16.10.1996","OSP"
"UY",1,6,105,153,"820244",57.6,22.1,7.7,0.38,1.42,1.61,,1.06,0.09,0.03,8.1,100,4.4,20,3.6,4.5,"","16.10.1996","OSP"
"MY",3,4,63,103,"850016",17.8,30.2,23.4,0.04,0.03,0,0.02,3.47,0.08,1.65,17.9,94.6,1,2,0.7,2,"","13.01.1997","OSP"
"MY",3,5,103,150,"850017",18.2,30.2,23.2,0.04,0.02,0,0.03,3.47,0.08,1.65,17.7,94.6,1,2.1,0.7,2,"","13.01.1997","OSP"
"NO",2,1,0,28,"680124",,,,,,,,,,,,,,,,,"Organic sample","28.01.1997","OSP"
"NO",2,2,28,31,"",,,,,,,,,,,,,,,,,"Not sampled","28.01.1997","OSP"
"DE",11,5,20,45,"670158",45.6,28.5,9.3,0,1.03,3.65,0.67,0.91,0.08,0.24,9.3,99.3,2.7,13.2,2.3,4.8,"","04.02.1997","OSP"
"DE",11,6,45,70,"670159",45.8,28.2,9.1,0,1.17,3.59,0.65,0.91,0.1,0.2,8.6,98.4,2.8,13.4,2.3,4.9,"","04.02.1997","OSP"
"DE",11,7,70,100,"670160",47,28.5,8.1,0,0.98,5,1.04,0.87,0.11,0.16,6.9,98.7,2.8,15.5,2.4,5.5,"","04.02.1997","OSP"
"AU",31,1,0,10,"780101",66.7,20,2.8,0.18,0.25,0.26,,2.32,0.01,0.23,8.1,100.8,5.7,62.2,5.2,11,"","01.05.2003","OSP"
"AU",31,2,10,20,"780102",62.6,23.2,2.4,0.11,0.27,0.21,,2.05,0,0.16,9,100,4.6,70.8,4.3,15.4,"","01.05.2003","OSP"
"AU",31,3,20,40,"780103",57.9,27.1,2.4,0.07,0.23,0.17,,1.9,0,0.11,10.1,100,3.6,63.6,3.4,17.5,"","01.05.2003","OSP"
"KE",17,2,10,20,"800023",51.2,19.9,11.1,0.21,0.54,0.51,,0.9,0.15,0.19,11.1,100.1,4.4,12.3,3.2,2.8,"","25.01.1996","OSP"
"KE",17,3,60,70,"800024",53.4,18.9,10.5,0.29,0.6,0.52,,0.89,0.19,0.17,10.4,100.4,4.8,13.5,3.5,2.8,"","25.01.1996","OSP"
"KE",17,4,110,120,"800025",51.2,20.9,10.8,0.18,0.74,0.55,,0.8,0.03,0.18,10.3,100.8,4.2,12.6,3.1,3,"","25.01.1996","OSP"
"KE",17,5,140,150,"800026",50.2,20.5,11.6,0.07,0.53,0.54,,0.94,0.12,0.2,11.2,100.2,4.2,11.5,3.1,2.8,"","25.01.1996","OSP"
"KE",18,1,0,10,"800037",52.4,20.1,10.6,0.05,0.52,0.54,,1.14,0.11,0.23,11,101.2,4.4,13.2,3.3,3,"","25.01.1996","OSP"
"KE",18,2,10,20,"800038",54.5,19.4,10,0.05,0.53,0.62,,1.32,0.11,0.24,10.5,101.3,4.8,14.5,3.6,3,"","25.01.1996","OSP"
"KE",18,3,20,30,"800039",50.2,21.4,10.9,0.06,0.54,0.57,,1.19,0.03,0.15,11,100.5,4,12.2,3,3.1,"","25.01.1996","OSP"
"KE",18,4,30,40,"800040",49.5,22,11.1,0.05,0.51,0.59,,1.07,0.02,0.14,11.4,100.9,3.8,11.8,2.9,3.1,"","25.01.1996","OSP"
"KE",18,5,50,60,"800041",47.1,23.2,11.2,0.31,0.51,0.53,,0.99,0.02,0.1,12.7,10,3.4,11.2,2.6,3.2,"","25.01.1996","OSP"
"KE",18,6,60,70,"800042",48.1,23.4,11.2,0.14,0.49,0.55,,1,0.02,0.12,12.2,101.3,3.5,11.4,2.3,3.3,"","25.01.1996","OSP"
"KE",19,1,10,20,"800076",53.8,20.2,10,0.04,0.46,0.69,,1.46,0.04,0.24,10.5,101.2,4.5,14.3,3.4,3.2,"","25.01.1996","OSP"
"KE",19,2,30,40,"800077",48.7,21.2,12.9,0.04,0.46,0.69,,1.54,0.02,0.26,10.9,100.8,3.9,10.1,2.8,2.6,"","25.01.1996","OSP"
"KE",19,3,60,90,"800078",44.5,25.8,11.6,0.03,0.45,0.49,,0.96,0.01,0.12,12.6,100.4,2.9,10.3,2.3,3.5,"","25.01.1996","OSP"
"NG",4,1,0,10,"780021",42.2,30.5,11.4,0.03,0.48,1.28,,1.45,0.11,0.27,12.4,100,2.3,9.8,1.9,4.2,"","18.02.1996","OSP"
"NG",4,2,10,28,"780022",41.4,30.2,10.9,0.03,0.46,1.22,,1.39,0.19,0.28,12.2,98.3,2.3,10.1,1.9,4.3,"","18.02.1996","OSP"
"NG",4,3,28,45,"780023",41.2,30.9,10.2,0.03,0.37,1.11,,1.29,0.16,0.17,12.4,99.4,2.3,10.7,1.9,4.7,"","18.02.1996","OSP"
"NG",4,4,45,60,"780024",42.1,32.8,10.5,0.02,0.51,0.88,,1.04,0.08,0.11,12.8,100.8,2.2,10.7,1.8,4.9,"","18.02.1996","OSP"
"NG",4,5,60,75,"780025",41.8,33.1,9.8,0.01,0.38,0.78,,0.93,0.05,0.1,13,100,2.1,11.3,1.8,5.3,"","18.02.1996","OSP"
"NG",4,6,75,95,"780026",42.8,35,8.5,0.01,0.24,0.57,,0.67,0.03,0.1,13.7,101.5,2.1,13.4,1.8,6.4,"","18.02.1996","OSP"
"NG",4,7,95,120,"780027",40.9,33.9,8.5,0.02,0.29,0.6,,0.66,0.04,0.12,13.6,98.6,2.1,12.9,1.8,6.3,"","18.02.1996","OSP"
"ZM",10,1,0,6,"770112",33.8,32.9,16.6,0.03,0.45,1.4,,0.99,0.1,0.4,11.9,,1.7,5.4,1.3,3.1,"","20.02.1996","OSP"
"ZM",10,2,6,25,"770113",34.2,33.4,16.2,0.01,0.42,1.25,,0.91,0.07,0.3,12.1,,1.7,5.6,1.3,3.2,"","20.02.1996","OSP"
"ZM",10,3,25,68,"770114",34.5,33.5,16.2,0,0.39,1.18,,0.91,0.06,0.23,12.3,,1.8,5.7,1.3,3.2,"","20.02.1996","OSP"
"ZM",10,4,68,100,"770115",34.1,33.3,16.3,0,0.37,1.25,,0.92,0.06,0.15,12.4,,1.7,5.6,1.3,3.2,"","20.02.1996","OSP"
"ZM",10,5,100,150,"770116",34.2,33.4,16.4,0.01,0.4,1.27,,0.94,0.05,0.18,12.3,,1.7,5.6,1.3,3.2,"","20.02.1996","OSP"
"ZM",10,6,250,300,"770117",33.8,33.2,16.1,0,0.4,1.25,,0.92,0.05,0.15,12.4,,1.7,5.6,1.3,3.2,"","20.02.1996","OSP"
"HU",6,4,100,120,"970155",51.5,18,13.1,0.13,2.71,2.45,,0.5,0.13,0.29,8.5,97.3,4.9,10.5,3.3,2.2,"","26.09.2003","OSP"
"HU",7,1,0,21,"970156",54.8,22.5,10.2,0.59,3.13,3.33,,0.79,0.25,0.53,9.1,105.2,4.1,14.3,3.2,3.5,"","26.09.2003","OSP"
"HU",7,2,21,50,"970157",,,,,,,,,,,,,,,,,"","26.09.2003","OSP"
"HU",7,3,50,70,"970158",52.7,23.4,9.9,0.18,2.71,2.57,,0.69,0.13,0.17,7.8,100.3,3.8,14.2,3,3.7,"","26.09.2003","OSP"
"HU",7,4,70,100,"970159",51.2,21.6,10.4,0.15,2.93,2.31,,0.68,0.12,0.18,8,97.6,4,13.1,3.1,3.3,"","26.09.2003","OSP"
"HU",7,5,100,120,"970160",39.2,15.4,7.5,14.51,2.82,1.72,,0.55,0.11,0.24,18.1,100.2,4.3,13.9,3.3,3.2,"","26.09.2003","OSP"
"HU",11,1,0,4,"970179",51.6,19.5,8.6,1.02,4.77,3.93,,0.83,0.07,0.2,7.9,98.4,4.5,16,3.5,3.6,"","29.09.2003","OSP"
"HU",11,2,4,16,"970180",51.7,20.5,8.9,0.56,4.62,4.03,,0.77,0.06,0.22,7.1,98.5,4.3,15.5,3.4,3.6,"","29.09.2003","OSP"
"HU",11,3,16,29,"970181",51.8,21.2,9.4,0.82,4.45,3.93,,0.71,0.06,0.17,7.4,99.9,4.1,14.7,3.2,3.5,"","29.09.2003","OSP"
"HU",11,4,29,41,"970182",41.3,17.3,7.7,9.76,5.09,2.97,,0.58,0.06,0.25,14.7,99.7,4.1,14.3,3.2,3.5,"","29.09.2003","OSP"
"HU",11,5,41,55,"970183",43.1,18.4,8,6.88,4.77,3.1,,0.59,0.05,0.26,12.7,97.9,4,14.3,3.1,3.6,"","29.09.2003","OSP"
"HU",11,6,55,70,"970184",49.6,20.7,9.4,1.12,4.58,3.54,,0.7,0.06,0.64,8.1,98.4,4.1,14,3.2,3.5,"","29.09.2003","OSP"
"HU",11,7,70,90,"970185",48.4,21,10.2,1.36,4.36,3.52,,0.73,0.08,0.73,8.7,99.1,3.9,12.6,3,3.2,"","29.09.2003","OSP"
"HU",11,8,90,100,"970186",38.2,17,8.2,7.88,8.15,2.67,,0.57,0.09,0.31,17.9,101,3.8,12.4,2.9,3.3,"","29.09.2003","OSP"
"HU",11,9,100,125,"970187",,,,,,,,,,,,,,,,,"","",""
"HU",14,1,0,3,"970206",53.3,21.3,7.9,0.1,1.65,3.92,,1.28,0.15,0.56,7.9,98.1,4.2,18,3.4,4.2,"","29.09.2003","OSP"
"HU",14,2,3,15,"970207",53.6,22.1,10.4,0.08,2.22,3.36,,0.87,0.24,0.2,6.9,100,4.1,13.7,3.2,3.3,"","29.09.2003","OSP"
"HU",14,3,15,25,"970208",52.6,22.3,10.4,0.08,2.48,3.47,,0.77,0.14,0.15,6.9,99.3,4,13.5,3.1,3.4,"","29.09.2003","OSP"
"HU",14,4,25,38,"970209",52.5,22.3,10.5,0.09,2.68,3.5,,0.76,0.13,0.17,7,99.6,4,13.3,3.1,3.3,"","29.09.2003","OSP"
"HU",14,5,38,55,"970210",51.4,22.2,10.8,0.13,2.84,3.39,,0.77,0.13,0.26,7.3,99.2,3.9,12.7,3,3.2,"","29.09.2003","OSP"
"HU",14,6,55,66,"970211",51.5,22.1,10.8,0.15,2.93,3.14,,0.81,0.1,0.3,7.4,99.2,4,12.7,3,3.2,"","29.09.2003","OSP"
"HU",14,7,66,79,"970212",51.7,21.9,10.9,0.23,2.98,3.02,,0.87,0.13,0.35,7.5,99.6,4,12.6,3,3.2,"","29.09.2003","OSP"
"HU",14,8,79,100,"970213",51.4,22,10.9,0.14,2.96,2.95,,0.86,0.14,0.33,7.7,99.4,4,12.6,3,3.2,"","29.09.2003","OSP"
"HU",14,9,100,125,"970214",51.3,22.3,10.9,0.17,2.95,2.97,,0.82,0.09,0.27,7.6,99.4,3.9,12.5,3,3.2,"","29.09.2003","OSP"
"IE",6,1,0,10,"670067",59.7,13.1,5.1,0.09,1.07,2.16,0.19,1.13,0.07,0.43,12,95,7.7,31.1,6.2,4,"","29.10.2003","OSP"
"IE",6,2,10,25,"670068",58.2,13.1,5.3,0.08,1.08,2.19,0.13,1.14,0.09,0.33,11.4,93,7.5,29.2,6,3.9,"","29.10.2003","OSP"
"IE",6,3,25,40,"670069",54.9,18.4,7.3,0.06,1.54,3.1,0.15,1.2,0.18,0.22,8.9,96,5.1,20,4,3.9,"","29.10.2003","OSP"
"IE",6,4,40,60,"670070",51.6,20.8,8.2,0.06,1.75,3.75,0.12,1.19,0.15,0.18,8.2,96,4.2,16.7,3.4,4,"","29.10.2003","OSP"
"IE",6,5,60,80,"670071",53.1,20.3,7.7,0.13,1.93,3.77,0.16,1.27,0.13,0.17,7,95.8,4.4,18.3,3.6,4.1,"","29.10.2003","OSP"
"IE",6,6,80,100,"670072",41.8,15.2,5.6,12.7,1.57,2.89,0.1,0.95,0.1,0.2,15.6,96.5,4.7,19.8,3.8,4.2,"","29.10.2003","OSP"
"IE",11,1,0,8,"670092",50.6,25,5.5,0.21,1.68,3.41,0.17,1.44,0.01,0.56,10.6,99.2,3.4,24.3,3,7,"","30.10.2003","OSP"
"IE",11,2,8,23,"670093",49.5,25.4,5.8,0.08,1.6,3.5,0.24,1.39,0,0.31,9.8,97.6,3.3,22.9,2.9,6.9,"","30.10.2003","OSP"
"IE",11,3,23,33,"670094",43.8,23.2,14.4,0.04,1.8,4.58,0.16,1.19,0.11,0.16,8.4,97.8,3.2,8.1,2.3,2.5,"","30.10.2003","OSP"
"IE",11,4,40,60,"670095",47.9,24.8,10.3,0.12,2.45,5.42,0.16,1.11,0.13,0.24,6.7,99.3,3.3,12.4,2.6,3.8,"","30.10.2003","OSP"
"IE",11,5,60,80,"670096",45.1,26.7,11.6,0,0.77,3.62,0.85,0.91,0.06,0.57,8.5,98.7,2.9,10.3,2.2,3.6,"","30.10.2003","OSP"
"NL",2,1,0,2,"690029",,,,,,,,,,,,,,,,,"Organic layer, no clay","12.01.2004","OSP"
"NL",2,2,2,7,"690030",43,22.6,13.3,0.33,1.07,1.8,,1.07,0.14,1.26,16.3,100.9,3.2,8.6,2.3,2.7,"","12.01.2004","OSP"
"NL",2,3,8,12,"690031",37.5,24.1,11.6,0.26,0.96,1.54,,0.91,0.25,1.08,22.1,100.3,2.6,8.6,2,3.3,"","12.01.2004","OSP"
"NL",2,4,12,27,"690032",39,25.5,10.8,0.25,1.07,1.5,,0.92,0.24,0.86,19.6,99.7,2.6,9.6,2,3.7,"","12.01.2004","OSP"
"NL",2,5,37,57,"690033",41.2,27.7,10.9,0.27,1.24,1.63,,1,0.18,1.01,14.9,100,2.5,10.1,2,4,"","12.01.2004","OSP"
"NL",2,6,72,82,"690034",,,,,,,,,,,,,,,,,"Insufficient clay to obtain sample","12.01.2004","OSP"
"NL",6,1,0,8,"710121",52.7,23.4,8.3,0.31,2.45,3.38,,0.85,0.13,0.7,9.3,101.5,3.8,17,3.1,4.4,"","12.01.2004","OSP"
"NL",6,2,8,30,"710122",52.8,23.4,8.5,0.15,2.47,3.16,,0.88,0.1,0.27,8,99.7,3.8,16.6,3.1,4.3,"","12.01.2004","OSP"
"NL",18,1,0,13,"800162",50.9,19.5,5.6,0,1.7,2,0.3,1.2,0,0.1,18.2,99.5,4.5,24.3,3.8,5.5,"Data University of Amsterdam","16.01.2004","OSP"
"NL",18,2,13,35,"800163",53.7,19.8,8.9,0,1.7,1.9,0.3,1.2,0.1,0.1,11.6,99.3,4.6,16.1,3.6,3.5,"Data University of Amsterdam","16.01.2004","OSP"
"NL",18,3,35,70,"800164",50.3,18.3,15.1,0,2.2,2.2,0.1,0.7,0.1,0.1,10,99.1,4.7,8.8,3.1,1.9,"Data University of Amsterdam","16.01.2004","OSP"
"NL",18,4,70,105,"800165",52.2,19.6,11.1,0.1,2.7,2.9,0.1,0.7,0.1,0.1,9.4,99,4.5,12.5,3.4,2.8,"Data University of Amsterdam","16.01.2004","OSP"
"NL",18,5,105,145,"800166",52.2,19.6,11.1,0.1,2.7,2.9,0.1,0.7,0.1,0.1,9.4,99,4.5,12.5,3.4,2.8,"Data University of Amsterdam","16.01.2004","OSP"
"NL",18,6,145,170,"800167",53.6,19.3,10.5,-0.1,2.8,3.1,0.1,0.8,0.1,0.1,8.3,98.8,4.7,13.6,3.5,2.9,"Data University of Amsterdam","16.01.2004","OSP"
"NL",6,3,30,55,"710123",52,23.3,8.9,0.2,2.54,2.92,,0.82,0.07,0.19,8.4,99.3,3.8,15.5,3,4.1,"","12.01.2004","OSP"
"NL",6,4,55,90,"710124",52.3,23,9.9,0.2,2.73,3.13,,0.8,0.11,0.22,8,100.4,3.9,14,3,3.6,"","12.01.2004","OSP"
"NL",6,5,90,105,"710125",53.9,23.6,8.4,0.26,2.84,3.17,,0.81,0.08,0.19,7.6,101,3.9,17,3.2,4.4,"","12.01.2004","OSP"
"NL",6,6,105,125,"710126",53,24.5,8.9,0.23,2.83,3.03,,0.78,0.06,0.24,8.1,101.4,3.7,16.2,3,4.4,"","12.01.2004","OSP"
"NL",6,7,125,135,"710127",52.9,23.8,9.1,0.24,2.9,3.09,,0.78,0.07,0.33,7.9,101.1,3.8,15.5,3,4.1,"","12.01.2004","OSP"
"US",9,5,65,90,"810381",34.8,30.1,17.1,0.04,0.14,0.94,,2.52,0.17,0.1,11.7,,2,5.4,1.4,2.8,"","25.02.1996","OSP"
"US",9,7,120,150,"810383",34.1,29.8,19.1,0.04,0.09,0.5,,2.66,0.07,0.72,12.1,,1.9,4.7,1.4,2.4,"","25.02.1996","OSP"
"ZA",16,1,0,20,"750093",43.8,26.6,14.8,0.06,0.61,1.13,,0.84,0.45,0.33,11.2,99.7,2.8,7.9,2.1,2.8,"","25.02.1996","OSP"
"ZA",16,2,20,45,"750094",44.4,28,13,0.18,0.66,1.13,,0.64,0.29,0.22,10.8,99.3,2.7,9,2.1,3.4,"","25.02.1996","OSP"
"ZA",16,3,45,70,"750095",46.7,26.9,11.9,0.18,0.92,1.18,,0.57,0.28,0.19,10.7,99.5,2.9,10.4,2.3,3.5,"","25.02.1996","OSP"
"ZA",16,4,70,80,"750096",48.1,26.4,12.7,0.23,1.19,0.83,,0.54,0.22,0.21,11.1,101.5,3.1,10.1,2.4,3.2,"","25.02.1996","OSP"
"ZA",14,3,35,70,"750084",70.8,14.8,5.5,0.01,0.39,1.34,,2.52,0.1,0.3,5.7,101.4,8.2,34.4,6.6,4.2,"","26.03.2004","OSP"
"ZA",14,4,70,100,"750085",75,11.8,4.8,0,0.31,1.14,,3.12,0.04,0.28,5.1,101.5,10.8,41.8,8.6,3.9,"","26.03.2004","OSP"
"WS",3,1,0,15,"780090",35.2,30.8,15.3,0.04,0.37,0.03,,2.99,0.08,0.51,14.6,99.9,1.9,6.1,1.5,3.2,"","28.02.1996","OSP"
"WS",3,2,15,30,"780091",38.5,32.8,13.7,0.02,0.35,0.02,,2.64,0.07,0.43,13.9,102.5,2,7.5,1.6,3.8,"","28.02.1996","OSP"
"WS",3,3,30,65,"780092",33.7,27.5,19.5,0.14,0.92,0.14,,3.6,0.3,0.9,13.5,100.2,2.1,4.6,1.4,2.2,"","28.02.1996","OSP"
"ZA",11,1,0,15,"750062",61.5,17.4,9,0.35,0.44,0.6,,2.04,0.11,0.46,8.7,100.5,6,18.1,4.5,3,"","28.02.1996","OSP"
"ZA",11,2,15,23,"750063",66.1,15.1,8.2,0.08,0.54,0.47,,2.33,0.04,0.28,6.9,100,7.5,21.5,5.5,2.9,"","28.02.1996","OSP"
"ZA",11,3,23,45,"750064",52.2,24,11.2,0.08,1.02,0.39,,1.23,0.02,0.13,10.3,100.6,3.7,12.4,2.8,3.3,"","28.02.1996","OSP"
"ZA",11,4,45,60,"750065",53.9,25.1,10.1,0.09,1.07,0.41,,1.26,0.02,0.12,10.2,102.2,3.7,14.2,2.9,3.9,"","28.02.1996","OSP"
"ZA",11,5,60,70,"750066",50.5,28,8.8,0.09,0.97,0.39,,1.19,0.01,0.1,11.2,101.2,3.1,15.3,2.5,5,"","28.02.1996","OSP"
"ZA",11,6,70,100,"750067",49.7,27.4,8.8,0.09,0.85,0.4,,1.18,0.01,0.1,11.2,99.7,3.1,15.1,2.6,4.9,"","28.02.1996","OSP"
"ZA",11,7,100,110,"750068",49,27.5,8.9,0.05,0.64,0.41,,1.14,0.01,0.12,11.4,99.1,3,14.7,2.5,4.9,"","28.02.1996","OSP"
"IT",14,1,0,5,"800100",42.8,29.1,10.4,0,0.8,1.4,0.1,1.1,0.1,0.4,13.5,99.7,2.5,11,2,4.4,"","14.06.1996","OSP"
"IT",14,2,5,15,"800101",42.7,29.4,10.5,0.1,0.8,1.4,0.1,1.2,0.1,0.5,13,99.8,2.5,10.8,2,4.4,"","14.06.1996","OSP"
"AU",33,5,53,70,"780116",26.1,33.3,19.2,0.03,0.5,0.18,,1.58,0.19,2.17,17.6,100.7,1.3,3.6,1,2.7,"","02.05.2003","OSP"
"AU",33,6,70,85,"780117",24.8,33.4,19.2,0.05,0.52,0.18,,1.56,0.16,2.07,17.8,99.9,1.3,3.4,0.9,2.7,"","02.05.2003","OSP"
"FI",1,12,0,15,"680135",51.3,21,10.9,0.8,3.52,3.71,,1.23,0.07,0.39,6.5,99.4,4.2,12.5,3.1,3,"","18.06.2003","OSP"
"NO",2,3,31,37,"680123",52,22.1,6,0.3,1.33,4.28,,4.34,0.02,0.64,9.4,100.4,4,23,3.4,9.4,"","28.01.1997","OSP"
"NO",2,4,37,48,"680122",45.7,21.3,9.3,0.42,2.34,3.35,,6.67,0.03,0.39,10.2,99.7,3.6,13,2.8,3.6,"","28.01.1997","OSP"
"NO",2,5,48,56,"680121",46.6,20.4,10.4,0.79,3.49,3.69,,2.75,0.05,0.36,10.5,99.2,3.9,8.8,2.7,2.3,"","28.01.1997","OSP"
"NO",2,6,56,58,"680120",45.8,19.7,14,0.81,3.75,4.29,,1.71,0.08,0.53,7.4,98,4,8.7,2.7,2.2,"","28.01.1997","OSP"
"NO",2,7,58,70,"",,,,,,,,,,,,,,,,,"Not sampled","28.01.1997","OSP"
"AU",31,3,40,50,"780104",66,20,1.9,0.04,0.2,0.16,,2.6,0,0.05,7.2,98,5.6,93.7,5.3,16.7,"","01.05.2003","OSP"
"AU",31,4,50,55,"780105",64.4,22.8,2.3,0.03,0.19,0.14,,2.52,0,0.05,8,100.4,4.8,73.1,4.5,15.2,"","01.05.2003","OSP"
"AU",31,5,55,70,"780106",55.1,27,6.5,0.04,0.23,0.16,,1.87,0,0.07,10.1,101.1,3.5,22.6,3,6.5,"","02.05.2003","OSP"
"AU",31,6,70,90,"780107",46.6,29.6,7.5,0.04,0.26,0.16,,1.38,0,0.03,11.6,97.2,2.7,16.5,2.3,6.2,"","02.05.2003","OSP"
"AU",31,6,90,110,"780108",47.2,32,7.3,0.01,0.23,0.16,,1.28,0,0.03,12,100.2,2.5,17.2,2.2,6.9,"","02.05.2003","OSP"
"AU",31,7,110,125,"780109",46.2,33,7.3,0.02,0.29,0.17,,1.16,0,0.04,12,100.2,2.4,16.8,2.1,7,"","02.05.2003","OSP"
"AU",31,8,125,150,"780110",46.3,33.7,6.8,0.02,0.35,0.25,,1.03,0,0.02,12.1,100.6,2.3,18.1,2.1,7.8,"","02.05.2003","OSP"
"AU",31,9,150,180,"780111",46.2,33,5.9,0.03,0.32,0.35,,1.03,0,0.03,12.2,99.1,2.4,20.8,2.1,8.8,"","02.05.2003","OSP"
"AU",33,1,0,15,"780112",26.5,29.7,21.2,0.03,0.51,0.17,,1.73,0.13,2.1,17.9,100,1.5,3.3,1,2.2,"","02.05.2003","OSP"
"AU",33,2,15,25,"780113",27.2,31.4,21.1,0.02,0.5,0.13,,1.73,0.19,2.06,18.6,102.9,1.5,3.4,1,2.3,"","02.05.2003","OSP"
"AU",33,3,25,40,"780114",26.3,32,21.1,0.02,0.51,0.14,,1.73,0.17,1.8,17.4,101.2,1.4,3.3,1,2.4,"","02.05.2003","OSP"
"AU",33,4,40,53,"780115",25.2,31.9,20.2,0.02,0.52,0.17,,1.69,0.12,1.8,17.6,99.2,1.3,3.3,1,2.5,"","02.05.2003","OSP"
"IT",14,3,15,40,"800102",42.6,30.1,10.2,0,0.7,1.2,0,1.1,0.1,0.5,13.3,99.8,2.4,11.1,2,4.6,"","14.06.1996","OSP"
"IT",14,4,40,60,"800103",42.1,32,8.9,0,0.5,0.8,0,0.9,0.1,0.3,14.1,99.7,2.2,12.6,1.9,5.6,"","14.06.1996","OSP"
"IT",14,5,60,80,"800104",42.1,32,8.9,0,0.5,0.8,0,0.9,0.1,0.3,14.1,99.3,2.2,12.6,1.9,5.6,"","14.06.1996","OSP"
"IT",14,6,80,110,"800105",42.7,31.9,8.9,0,0.5,0.8,0,0.9,0,0.3,13.9,99.9,2.3,12.8,1.9,5.7,"","14.06.1996","OSP"
"IT",14,7,110,140,"800106",42.7,31.9,8.9,0,0.5,0.8,0,0.9,0,0.3,13.9,99.9,2.3,12.6,1.9,5.7,"","14.06.1996","OSP"
"IT",14,8,140,170,"800107",,,,,,,,,,,,,,,,,"","14.06.1996","OSP"
"IT",14,9,170,200,"800108",43.9,31,8.8,0,0.7,1.2,0,0.9,0.2,0.3,13,100,2.4,13.2,2,5.5,"","14.06.1996","OSP"
"IT",17,2,35,60,"",55.5,17.4,6.4,2.8,2.3,2.5,0.3,0.6,0.1,,12.1,100,5.4,22.9,4.4,4.2,"data from Spaargaren (1979), profile Sp/166","25.06.1996","OSP"
"IT",17,3,60,100,"",52.3,17.4,6.6,4.4,2.2,2.6,0.4,0.6,0.1,,13.4,100,5.1,21.1,4.1,4.1,"data from Spaargaren (1979), profile Sp/166","25.06.1996","OSP"
"IT",17,4,100,140,"",52.8,17.4,6.3,4.3,2.4,2.7,0.4,0.7,0.1,,12.9,100,5.1,22.4,4.2,4.4,"data from Spaargaren (1979), profile Sp/166","25.06.1996","OSP"
"IT",17,5,140,180,"",53.1,17.7,6.3,3.7,2.4,2.9,0.4,0.7,0.1,,12.7,100,5.1,22.3,4.2,4.4,"data from Spaargaren (1979), profile Sp/166","25.06.1996","OSP"
"IT",17,6,180,230,"",50.3,17.9,6.6,5,2.5,3.1,0.4,0.7,0.1,,13.4,100,4.8,20.4,3.9,4.3,"data from Spaargaren (1979), profile Sp/166","25.06.1996","OSP"
"IT",17,7,,,"",52.3,18.3,4.3,4.3,2.7,3.2,0.4,0.7,0.1,,13.7,100,4.8,32.3,4.2,6.7,"data from Spaargaren (1979), profile Sp/166","25.06.1996","OSP"
"TH",4,1,2,15,"670116",51.9,30.2,6,0.1,1.3,3.4,,0.9,0.1,0.2,8.7,102.8,2.9,23,2.6,7.9,"","19.07.1996","OSP"
"ZA",1,1,0,20,"750001",40.2,24,19,0.1,0.67,0.28,,1.31,0.25,0.27,11.3,97.6,2.8,5.6,1.9,2,"","25.03.2004","OSP"
"ZA",1,2,20,46,"750002",41.8,25.7,16.9,0.05,0.72,0.31,,1.01,0.28,0.17,11.5,98.6,2.8,6.6,1.9,2.4,"","25.03.2004","OSP"
"ZA",1,3,46,64,"750003",41.5,27.3,17.1,0.08,0.61,0.34,,0.99,0.29,0.15,11.9,100.3,2.6,6.4,1.8,2.5,"","25.03.2004","OSP"
"ZA",1,4,64,75,"750004",42.6,27.9,15.6,0.1,0.71,0.36,,0.8,0.18,0.14,11.8,100.2,2.6,7.3,1.9,2.8,"","25.03.2004","OSP"
"ZA",1,5,75,95,"750005",42.5,26.1,16.4,0.17,0.76,0.32,,0.96,0.23,0.18,11.7,99.2,2.8,6.9,2,2.5,"","25.03.2004","OSP"
"ZA",1,6,95,110,"750006",45.7,27.4,14.6,0.14,1.1,0.44,,0.65,0.17,0.16,10.8,101.2,2.8,8.3,2.1,2.9,"","25.03.2004","OSP"
"ZA",2,1,0,20,"750007",14.5,41.5,17.3,0.03,0.21,0.15,,1.56,0.05,0.28,22.9,98.5,0.6,2.2,0.5,3.8,"","25.03.2004","OSP"
"ZA",2,2,20,35,"750008",15.9,41.1,17.7,0,0.24,0.14,,1.78,0.03,0.24,21.8,98.9,0.6,2.4,0.5,3.6,"","25.03.2004","OSP"
"ZA",2,3,35,50,"750009",17.4,42.4,17.8,0,0.24,0.15,,1.76,0.04,0.21,21.6,101.6,0.7,2.6,0.6,3.7,"","25.03.2004","OSP"
"ZA",2,4,50,65,"750010",15.8,42.2,17.7,0,0.23,0.16,,1.54,0.04,0.21,21.9,99.9,0.6,2.4,0.5,3.7,"","25.03.2004","OSP"
"ZA",2,5,65,80,"750011",14.7,40.8,17.2,0.01,0.21,0.16,,1.53,0.05,0.28,22.6,97.6,0.6,2.3,0.5,3.7,"","25.03.2004","OSP"
"ZA",2,6,80,95,"750012",14.5,41.5,17.3,0.03,0.21,0.15,,1.56,0.05,0.28,22.9,98.5,0.6,2.2,0.5,3.8,"","25.03.2004","OSP"
"ZA",2,7,95,110,"750013",14.4,41,16.8,0.01,0.22,0.14,,1.48,0.05,0.28,23.3,97.8,0.6,2.3,0.5,3.8,"","25.03.2004","OSP"
"ZA",2,8,110,125,"750014",15.5,41.7,16.9,0.01,0.2,0.15,,1.53,0.06,0.28,22.5,98.8,0.6,2.4,0.5,3.9,"","25.03.2004","OSP"
"ZA",3,1,0,15,"750016",38.6,32.3,12.1,0,1.11,2.85,,0.9,0.03,0.33,11.7,99.9,2,8.5,1.6,4.2,"","25.03.2004","OSP"
"ZA",3,2,15,30,"750017",39.3,31.7,12.1,0.01,1.13,3,,1,0.03,0.28,11.6,100.2,2.1,8.6,1.7,4.1,"","25.03.2004","OSP"
"ZA",3,3,30,45,"750018",38.6,32.2,12.5,0.01,1.13,3.31,,0.9,0.03,0.29,11.3,100.2,2.1,8.4,1.7,4.1,"","25.03.2004","OSP"
"ZA",3,4,45,66,"750019",39.6,32.6,12.7,0,1.13,3.69,,0.92,0.04,0.28,11,102,2.1,8.3,1.6,4,"","25.03.2004","OSP"
"ZA",3,5,66,,"750020",47.2,30.2,8.2,0.02,1.33,5.85,,0.61,0.1,0.32,7.8,101.6,2.7,15.3,2.3,5.8,"Shale sample","25.03.2004","OSP"
"ZA",5,1,0,20,"750031",33.1,28.8,22.2,0.02,0.46,0.18,,2.74,0.06,0.21,13.3,101,2,4,1.3,2,"","25.03.2004","OSP"
"ZA",5,2,20,40,"750032",32,28.6,21.9,0.01,0.38,0.16,,2.47,0.04,0.26,13.6,99.5,1.9,3.9,1.3,2,"","25.03.2004","OSP"
"ZA",5,3,40,60,"750033",34,30.2,19.8,0,0.34,0.22,,1.68,0.03,0.16,13.3,99.8,1.9,4.6,1.4,2.4,"","25.03.2004","OSP"
"ZA",5,4,60,80,"750034",35.7,31.8,19.6,0,0.38,0.22,,1.42,0.03,0.11,13.4,102.6,1.9,4.8,1.4,2.5,"","25.03.2004","OSP"
"ZA",5,5,80,100,"750035",34.6,30,19.4,0,0.37,0.2,,1.66,0.03,0.12,13.1,99.4,2,4.8,1.4,2.4,"","25.03.2004","OSP"
"ZA",5,6,100,120,"750036",37.6,28.6,18.7,0,0.43,0.18,,1.92,0.04,0.13,12.4,99.9,2.2,5.3,1.6,2.4,"","25.03.2004","OSP"
"ZA",6,1,0,15,"750037",62.8,19.5,6.4,0.05,0.49,3.2,,1.76,0.08,0.39,6.5,101.2,5.5,26.1,4.5,4.8,"","26.03.2004","OSP"
"ZA",6,2,15,40,"750038",62.4,20.2,5.9,0.05,0.47,3.41,,1.73,0.03,0.77,6.1,101.1,5.2,28.1,4.4,5.4,"","26.03.2004","OSP"
"ZA",6,3,40,70,"750039",63.4,21.1,6.1,0.02,0.48,3.49,,1.82,0.02,0.44,6,102.8,5.1,27.6,4.3,5.4,"","26.03.2004","OSP"
"ZA",6,4,70,90,"750040",51.6,28,7.4,0.02,0.58,2.81,,1.08,0.01,0.24,8.9,100.6,3.1,18.4,2.7,5.9,"","26.03.2004","OSP"
"ZA",6,5,95,,"750041",46.2,29,7.9,0.07,0.56,2.51,,0.64,0.01,0.36,12.1,99.5,2.7,15.5,2.3,5.7,"","26.03.2004","OSP"
"ZA",7,1,0,10,"750042",43.4,30.4,10.4,0.02,0.56,1.86,,1.25,0.09,0.25,11.6,99.7,2.4,11.1,2,4.6,"","26.03.2004","OSP"
"ZA",7,2,10,20,"750043",42.1,31.7,10.3,0.01,0.55,1.77,,1.16,0.04,0.17,11.7,99.6,2.3,10.8,1.9,4.8,"","26.03.2004","OSP"
"ZA",7,3,25,60,"750044",40.5,34.3,11.2,0,0.45,1.25,,0.92,0.04,0.1,12.8,101.5,2,9.6,1.7,4.8,"","26.03.2004","OSP"
"ZA",8,1,0,30,"750045",49.2,21,13.7,0.25,0.73,0.19,,1.44,0.14,0.13,10.9,97.7,4,9.6,2.8,2.4,"","26.03.2004","OSP"
"ZA",8,2,30,55,"750046",54.8,18,14.3,0.49,1.01,0.14,,1.34,0.14,0.09,9.9,100.3,5.2,10.2,3.4,2,"","26.03.2004","OSP"
"ZA",8,3,55,80,"750047",59.3,17.2,12.4,1,1.2,0.18,,1.37,0.05,0.08,7.3,100.2,5.8,12.7,4,2.2,"","26.03.2004","OSP"
"ZA",8,4,80,100,"750048",57.1,18.7,12.3,1.18,1.27,0.21,,1.37,0.06,0.09,7.4,99.6,5.2,12.3,3.7,2.4,"","26.03.2004","OSP"
"ZA",8,5,100,110,"750049",51.3,20.4,14.4,0.17,1.46,0.06,,1.12,0.06,0.06,10.8,99.9,4.3,9.5,2.9,2.2,"","26.03.2004","OSP"
"ZA",9,1,0,20,"750050",46.2,24.1,16,0.16,1.29,0.2,,0.82,0.18,0.12,11.2,100.3,3.3,7.7,2.3,2.4,"","26.03.2004","OSP"
"ZA",9,2,20,40,"750051",46.6,24.5,16,0.16,1.3,0.21,,0.82,0.19,0.13,11.1,101,3.2,7.7,2.3,2.4,"","26.03.2004","OSP"
"ZA",9,3,40,60,"750052",47.5,24.4,15,0.15,1.25,0.24,,0.84,0.22,0.11,11.1,100.8,3.3,8.4,2.4,2.5,"","26.03.2004","OSP"
"ZA",9,4,60,80,"750053",47.8,24.2,14.2,0.14,1.24,0.27,,0.82,0.15,0.09,11.2,100.2,3.4,8.9,2.4,2.7,"","26.03.2004","OSP"
"ZA",9,5,80,100,"750054",48.3,24.1,14.1,0.15,1.28,0.27,,0.82,0.19,0.09,11,100.4,3.4,9.1,2.5,2.7,"","26.03.2004","OSP"
"ZA",9,6,100,110,"750055",49.1,24.2,14.4,0.17,1.36,0.26,,0.84,0.19,0.08,11.1,101.6,3.4,9.1,2.5,2.6,"","26.03.2004","OSP"
"ZA",10,1,0,20,"750056",40.2,27.2,19.1,0.04,0.68,0.14,,0.94,0.23,0.2,11.8,100.6,2.5,5.6,1.7,2.2,"","26.03.2004","OSP"
"ZA",10,2,20,40,"750057",40.2,27.3,18.5,0.04,0.59,0.14,,0.93,0.2,0.15,11.9,100,2.5,5.8,1.8,2.3,"","26.03.2004","OSP"
"ZA",10,3,40,60,"750058",40.2,28.1,18.3,0.09,0.57,0.15,,0.88,0.15,0.14,12.4,100.9,2.4,5.8,1.7,2.4,"","26.03.2004","OSP"
"ZA",10,4,60,80,"750059",40.4,28,17.6,0.06,0.61,0.14,,0.82,0.17,0.13,12.3,100.2,2.4,6.1,1.8,2.5,"","26.03.2004","OSP"
"ZA",10,5,80,100,"750060",41.8,28.1,16.6,0.06,0.1,0.15,,0.71,0.18,0.11,12.2,100.6,2.5,6.7,1.8,2.6,"","26.03.2004","OSP"
"ZA",10,6,100,110,"750061",42.1,27.8,15.6,0.05,0.74,0.15,,0.66,0.15,0.12,12.1,99.4,2.6,7.1,1.9,2.8,"","26.03.2004","OSP"
"ZA",12,1,0,20,"750069",40.7,27.8,15.2,0.15,0.62,0.27,,2.54,0.18,0.32,12.1,,2.5,7.1,1.8,2.8,"","26.03.2004","OSP"
"ZA",12,2,20,40,"750070",41,29,15.3,0.07,0.55,0.25,,2.57,0.09,0.22,12.2,,2.4,7.1,1.8,3,"","26.03.2004","OSP"
"ZA",12,3,40,60,"750071",38.7,30.2,15.9,0.06,0.5,0.27,,2.31,0.07,0.22,12.3,,2.2,6.5,1.6,3,"","26.03.2004","OSP"
"ZA",12,4,60,80,"750072",38.3,31.6,15.5,0.04,0.46,0.32,,1.8,0.04,0.21,12.7,,2.1,6.6,1.6,3.2,"","26.03.2004","OSP"
"ZA",12,5,80,100,"750073",37.7,31.9,14.9,0.03,0.41,0.38,,1.68,0.14,0.24,12.8,,2,6.7,1.5,3.4,"","26.03.2004","OSP"
"ZA",12,6,90,105,"750074",38,31.4,14.8,0.04,0.5,0.41,,1.81,0.21,0.24,12.6,,2.1,6.8,1.6,3.3,"","26.03.2004","OSP"
"ZA",12,7,102,120,"750075",37.6,30.9,16,0.06,0.4,0.41,,1.8,0.19,0.24,12.7,,2.1,6.2,1.6,3,"","26.03.2004","OSP"
"ZA",13,1,0,20,"750077",63,18.5,7.8,0.02,0.51,1.16,,2.41,8,0.34,7.3,101.1,5.8,21.4,4.6,3.7,"","26.03.2004","OSP"
"ZA",13,2,20,50,"750078",62.5,17.1,7.3,0,0.43,0.92,,2.51,0.05,0.34,7,98.2,6.2,22.7,4.9,3.7,"","26.03.2004","OSP"
"ZA",13,3,50,80,"750079",59,18.3,7.7,0.01,0.47,0.87,,2.44,0.03,0.41,6.6,97,5.5,20.3,4.3,3.7,"","26.03.2004","OSP"
"ZA",13,4,80,110,"750080",65.4,17.4,7.5,0.01,0.42,0.89,,3.19,0.03,0.41,6.6,101.8,6.4,23.1,5,3.6,"","26.03.2004","OSP"
"ZA",13,5,110,120,"750081",64,17.6,7.7,0,0.31,0.68,,3.03,0.03,0.21,6.8,100.3,6.2,22.2,4.8,3.6,"","26.03.2004","OSP"
"ZA",14,1,0,22,"750082",58.8,21.5,7.1,0.02,0.47,1.27,,1.78,0.08,0.47,8.7,100.1,4.6,22.1,3.8,4.8,"","26.03.2004","OSP"
"ZA",14,2,22,35,"750083",70,15.6,5.6,0.01,0.42,1.39,,2.19,0.1,0.32,6.1,101.7,7.6,33,6.2,4.3,"","26.03.2004","OSP"
"ZA",14,5,100,120,"750086",76.9,10.6,4.6,0.01,0.25,1.05,,3.19,0.03,0.21,4.2,100.9,12.4,44.8,9.7,3.6,"","26.03.2004","OSP"
"ZA",15,1,0,20,"750087",60,22,6.2,0.01,0.52,1.4,,2.06,0.01,0.27,8.3,100.7,4.6,25.9,3.9,5.6,"","26.03.2004","OSP"
"ZA",15,2,20,50,"750088",60.4,22.2,6.2,0.02,0.54,1.42,,2.12,0.01,0.25,7.8,101,4.6,16.6,3.6,3.6,"","26.03.2004","OSP"
"ZA",15,3,50,65,"750089",55.1,22.3,9.7,0.02,0.62,1.8,,1.9,0.01,0.22,7.9,99.7,4.2,15.1,3.3,3.6,"","26.03.2004","OSP"
"ZA",15,4,65,70,"750090",49.8,27.2,9.5,0.02,0.76,2.18,,1.39,0.01,0.19,9.2,100.4,3.1,13.9,2.5,4.5,"","26.03.2004","OSP"
"ZA",15,5,70,90,"750091",44.6,30.8,9.8,0,0.94,3.39,,0.69,0.01,0.17,9.6,100,2.4,12,2,4.9,"","26.03.2004","OSP"
"ZA",15,6,90,105,"750092",42.6,29.6,13,0,0.97,3.04,,0.56,0.01,0.2,9.6,99.6,2.4,8.7,1.9,3.6,"","26.03.2004","OSP"
"ZA",17,1,0,20,"750098",37.2,34.1,10.8,0.01,0.81,2.5,,1.04,0.03,0.29,13.6,100.4,1.8,9.2,1.5,5,"","26.03.2004","OSP"
"ZA",17,2,20,40,"750099",37.1,35.2,11.2,0,0.83,2.55,,1.03,0.03,0.27,13.1,101.3,1.8,8.8,1.5,4.9,"","26.03.2004","OSP"
"ZA",17,3,40,60,"750100",36.5,36.4,11.7,0.01,0.83,2.56,,1.06,0.03,0.25,13.3,102.7,1.7,8.3,1.4,4.8,"","26.03.2004","OSP"
"ZA",17,4,60,75,"750101",34.7,36.2,11.9,0,0.76,2.55,,1.05,0.03,0.24,14,101.4,1.6,7.7,1.3,4.8,"","26.03.2004","OSP"
"ZA",17,5,75,90,"750102",34.3,35.2,11.8,0,0.74,2.59,,1.04,0.03,0.27,14.2,101.2,1.6,7.7,1.3,4.8,"","26.03.2004","OSP"
"ZA",17,6,90,110,"750103",45.4,37,4,0,0.61,3.64,,0.25,0.01,0.19,10.9,102.1,2.1,29.8,2,14.3,"","26.03.2004","OSP"
"ZA",18,1,0,15,"750104",49.3,28.2,10,0.09,0.72,2.64,,1.27,0.23,0.34,9,101.8,3,13,2.4,4.4,"","26.03.2004","OSP"
"ZA",18,2,15,30,"750105",47.9,28.1,10.5,0.07,0.62,2.39,,1.34,0.24,0.42,9.2,100.8,2.9,12.1,2.3,4.2,"","26.03.2004","OSP"
"ZA",18,3,30,60,"750106",50.9,16.5,10.3,0.02,0.62,2.31,,1.62,0.16,0.33,8.8,101.5,3.3,13.2,2.6,4,"","26.03.2004","OSP"
"ZA",18,4,60,80,"750107",48,29.8,9.9,0.06,0.77,2.84,,0.95,0.09,0.23,8.8,101.4,2.7,12.8,2.3,4.7,"","26.03.2004","OSP"
"ZA",18,5,80,90,"750108",53.1,27.6,7.4,0,0.88,3.57,,0.81,0.01,0.12,7.5,101,3.3,19,2.8,5.8,"","26.03.2004","OSP"
"ZA",18,6,90,110,"750109",59.8,26.1,3.3,0,0.79,3.86,,0.78,0.01,0.15,6.7,101.5,3.9,18.1,3.6,12.4,"","26.03.2004","OSP"
"ZA",19,1,0,15,"750110",50.5,29.2,7.6,0.04,1.12,2.33,,1.2,0.08,0.15,9,102.2,2.9,17.7,2.5,6,"","26.03.2004","OSP"
"ZA",19,2,15,30,"750111",49.3,29,8.3,0.05,1.07,2.25,,1.12,0.13,0.24,10.2,101.8,2.9,15.8,2.4,5.5,"","26.03.2004","OSP"
"ZA",19,3,30,50,"750112",49,29,8.5,0.09,1.06,2.18,,1.11,0.17,0.28,10.1,101.5,2.9,15.4,2.4,5.4,"","26.03.2004","OSP"
"ZA",19,4,50,70,"750113",46.7,29.6,7.8,0.09,1.13,2.19,,1.06,0.06,0.16,11.3,99.5,2.7,15.9,2.3,5.9,"","26.03.2004","OSP"
"ZA",19,5,70,90,"750114",49.9,29.8,7.3,0.07,1.12,2.42,,1.23,0.07,0.11,9.9,101.6,2.8,18.2,2.5,6.4,"","26.03.2004","OSP"
"ZA",19,6,90,115,"750115",49.9,29.1,6.6,0.07,1.12,2.52,,1.22,0.08,0.09,9.8,101.2,,20.2,,,"","26.03.2004","OSP"
"ZA",20,1,0,15,"750116",26.2,39.1,16.6,0.03,0.52,0.46,,1.29,0.05,0.32,17.4,102,1.1,4.2,0.9,3.7,"","26.03.2004","OSP"
"ZA",20,2,15,37,"750117",25.7,38.3,16.5,0.04,0.52,0.49,,1.26,0.05,0.33,17.2,100.3,1.1,4.2,0.9,3.6,"","26.03.2004","OSP"
"ZA",20,3,37,60,"750118",29,39.2,16.9,0.02,0.48,0.42,,1.3,0.04,0.22,18.4,101,1.3,4.6,1,3.6,"","26.03.2004","OSP"
"ZA",20,4,60,80,"750119",23,39.3,17,0,0.43,0.41,,1.3,0.04,0.23,18.5,100.2,1,3.6,0.8,3.6,"","26.03.2004","OSP"
"ZA",20,5,80,100,"750120",23.9,39.1,16.6,0.01,0.4,0.4,,1.32,0.04,0.22,17.8,99.9,1,3.8,0.8,3.7,"","26.03.2004","OSP"
"ZA",20,6,100,120,"750121",24.8,38.6,17,0.01,0.38,0.43,,1.28,0.05,0.2,17.5,100.2,1.1,3.9,0.8,3.6,"","26.03.2004","OSP"
"ZA",20,7,120,140,"750122",25,39.4,17.2,0.01,0.41,0.56,,1.27,0.05,0.17,16.6,100.7,1.1,3.9,0.8,3.6,"","26.03.2004","OSP"
"ZA",21,1,0,20,"750123",26,36.9,14.4,0.01,0.45,0.18,,1.37,0.03,0.24,18.3,,1.2,4.6,1,3.9,"","29.03.2004","OSP"
"ZA",21,2,20,40,"750124",28.3,39.2,15.3,0.01,0.49,0.18,,1.5,0.03,0.2,18,,1.2,4.9,1,4,"","29.03.2004","OSP"
"ZA",21,3,40,60,"750125",26.5,38.2,15.5,0.01,0.54,0.17,,1.44,0.03,0.17,18.5,,1.2,4.6,0.9,3.9,"","29.03.2004","OSP"
"ZA",21,4,60,80,"750126",25.6,34.6,13.4,0,0.34,0.16,,1.26,0.02,0.15,25.9,,1.2,5.1,1,4.1,"","29.03.2004","OSP"
"ZA",21,5,80,100,"750127",26.1,38.3,15.6,0,0.45,0.19,,1.46,0.02,0.14,18.4,,1.2,4.4,0.9,3.8,"","29.03.2004","OSP"
"ZA",21,6,100,120,"750128",25.6,38.5,15.2,0,0.35,0.2,,1.32,0.02,0.16,18.7,,1.1,4.5,0.9,4,"","29.03.2004","OSP"
"ZA",21,7,120,140,"750129",24.6,38.9,15.7,0,0.31,0.26,,1.35,0.02,0.16,18.4,,1.1,4.1,0.8,3.9,"","29.03.2004","OSP"
"ZA",21,8,140,160,"750130",27.2,39.1,15,0,0.33,0.29,,1.27,0.02,0.16,17.7,,1.2,4.8,1,4.1,"","29.03.2004","OSP"
"ZA",21,9,160,180,"750131",30.4,38.3,14.1,0,0.31,0.38,,1.22,0.02,0.12,16.8,,1.4,5.7,1.1,4.2,"","29.03.2004","OSP"
